[param]
mishu = 2200
speed = 5

[point]
p1_wei =30.612505,30.61245,30.613434,30.613543
p1_jing= 114.36240,114.36164,114.36141,114.36220

p2_wei =30.612583,30.612312,30.614406,30.614701
p2_jing=114.36475,114.36293,114.36250,114.36430